Elektor 140555 MLX90393 BoB
http://www.elektor-labs.com/140555/
00 00 00 00 00 00 57 45 00 00 00 00 00 00 00 00 - ......WE........
00 00 00 00 00 00 00 00 00 00 00 00 00 00 00 00 - ................
00 00 00 00 00 00 00 00 00 00 00 00 00 00 00 00 - ................
00 00 00 00 00 00 00 00 00 00 00 00 00 00 00 00 - ................
30 98 0e 1b a8 7c 11 51 b6 69 68 5a 95 18 02 14 - 0....|.Q.ihZ....
01 02 9b 50 9d 79 51 c1 0c aa 05 52 f9 b0 2d 31 - ...P.yQ....R..-1
54 08 00 00 00 00 00 00 00 00 00 00 00 00 00 00 - T...............
00 00 00 00 00 00 00 00 00 00 00 00 21 48 fb 18 - ............!H..

